0
0.02980956388366501
0.008203851936170159
-0.020890633457680958
0.02718067797832838
0.014292389407554545
-0.011362875280615123
-0.015871658370978783
0.0017237097854727703
-0.005061002571156806
-0.0025308206396638454
0.0036838696512082533
0.0027839953950464674
-0.007076062635670528
-0.005988256461815344
-0.0059049673666193275
0.006857029513827018
-0.015544427550776408
0.01197234676326715
-0.002304587320300219
-0.0012756889066229049
-0.0012287630797846545
0.004690458709419247
-0.00014555250324754882
-3.06468849803738e-05
-0.004775292807090624
0.00855934991004766
0.0018479110640788848
0.0014983529088519838
-0.005150147398890512
0.0014620364360818146
-0.0010786118408794214
0.003153554759280716
-0.001308521587728737
-0.0008454716528349
0.006830117128441203
-0.0021168830276620297
0.0019009387357564202
0.002310582525346744
-0.005548683111889576
-0.014578614504398426
-0.0032663237296692562
